(0,0) 3.69651
(0,1) 0
(0,2) 0
(0,3) 0
(0,4) -0.665891
(0,5) -0.649613
(1,1) 0.837652
(1,0) 0
(1,2) 0
(1,3) 0
(2,2) 1.81662
(2,0) 0
(2,1) 0
(2,4) 0
(2,6) 0
(3,3) 1.81959
(3,0) 0
(3,1) 0
(3,5) 0
(3,7) 0
(4,4) 3.51933
(4,0) -0.665891
(4,2) 0
(4,5) -0.616824
(4,6) 0
(4,8) -0.495889
(4,9) -0.665578
(5,5) 3.51369
(5,0) -0.649613
(5,3) 0
(5,4) -0.616824
(5,7) 0
(5,8) -0.515775
(5,10) -0.634228
(6,6) 1.73429
(6,2) 0
(6,4) 0
(6,9) 0
(6,11) 0
(7,7) 1.73475
(7,3) 0
(7,5) 0
(7,10) 0
(7,12) 0
(8,8) 3.39583
(8,4) -0.495889
(8,5) -0.515775
(8,9) -0.460381
(8,10) -0.472198
(8,13) -0.42691
(8,14) -0.392598
(8,16) -0.632079
(9,9) 3.48522
(9,4) -0.665578
(9,6) 0
(9,8) -0.460381
(9,11) 0
(9,13) -0.657109
(9,15) -0.598373
(10,10) 3.48478
(10,5) -0.634228
(10,7) 0
(10,8) -0.472198
(10,12) 0
(10,14) -0.692006
(10,17) -0.541633
(11,11) 1.73508
(11,6) 0
(11,9) 0
(11,15) 0
(11,18) 0
(12,12) 1.73338
(12,7) 0
(12,10) 0
(12,17) 0
(12,20) 0
(13,13) 3.53518
(13,8) -0.42691
(13,9) -0.657109
(13,15) -0.533267
(13,16) -0.834058
(13,19) -0.666767
(13,21) -0.417069
(14,14) 3.52289
(14,8) -0.392598
(14,10) -0.692006
(14,16) -0.792872
(14,17) -0.581215
(14,22) -0.526427
(14,23) -0.537775
(15,15) 3.46767
(15,9) -0.598373
(15,11) 0
(15,13) -0.533267
(15,18) 0
(15,19) -0.593499
(15,24) -0.614431
(16,16) 3.65486
(16,8) -0.632079
(16,13) -0.834058
(16,14) -0.792872
(16,21) -0.667504
(16,22) -0.728349
(17,17) 3.4661
(17,10) -0.541633
(17,12) 0
(17,14) -0.581215
(17,20) 0
(17,23) -0.605994
(17,25) -0.55338
(18,18) 1.73418
(18,11) 0
(18,15) 0
(18,24) 0
(18,27) 0
(19,19) 3.48654
(19,13) -0.666767
(19,15) -0.593499
(19,21) -0.441888
(19,24) -0.510751
(19,26) -0.681539
(19,28) -0.592096
(20,20) 1.73238
(20,12) 0
(20,17) 0
(20,25) 0
(20,30) 0
(21,21) 3.44007
(21,13) -0.417069
(21,16) -0.667504
(21,19) -0.441888
(21,22) -0.425571
(21,26) -0.452793
(21,29) -0.335766
(21,32) -0.69948
(22,22) 3.50759
(22,14) -0.526427
(22,16) -0.728349
(22,21) -0.425571
(22,23) -0.593868
(22,29) -0.712922
(22,31) -0.520457
(23,23) 3.46593
(23,14) -0.537775
(23,17) -0.605994
(23,22) -0.593868
(23,25) -0.579587
(23,31) -0.595497
(23,33) -0.553212
(24,24) 3.46901
(24,15) -0.614431
(24,18) 0
(24,19) -0.510751
(24,27) 0
(24,28) -0.614576
(24,34) -0.603515
(25,25) 3.46504
(25,17) -0.55338
(25,20) 0
(25,23) -0.579587
(25,30) 0
(25,33) -0.600111
(25,36) -0.554769
(26,26) 3.51078
(26,19) -0.681539
(26,21) -0.452793
(26,28) -0.526974
(26,32) -0.722831
(26,35) -0.607279
(26,37) -0.519364
(27,27) 1.73379
(27,18) 0
(27,24) 0
(27,34) 0
(27,39) 0
(28,28) 3.4686
(28,19) -0.592096
(28,24) -0.614576
(28,26) -0.526974
(28,34) -0.522133
(28,35) -0.606368
(28,41) -0.60645
(29,29) 3.56788
(29,21) -0.335766
(29,22) -0.712922
(29,31) -0.654615
(29,32) -0.786139
(29,38) -0.437532
(29,40) -0.640902
(30,30) 1.73229
(30,20) 0
(30,25) 0
(30,36) 0
(30,43) 0
(31,31) 3.4771
(31,22) -0.520457
(31,23) -0.595497
(31,29) -0.654615
(31,33) -0.572187
(31,38) -0.52279
(31,42) -0.611557
(32,32) 3.64898
(32,21) -0.69948
(32,26) -0.722831
(32,29) -0.786139
(32,37) -0.771229
(32,40) -0.669296
(33,33) 3.46579
(33,23) -0.553212
(33,25) -0.600111
(33,31) -0.572187
(33,36) -0.581405
(33,42) -0.612456
(33,44) -0.546423
(34,34) 3.46777
(34,24) -0.603515
(34,27) 0
(34,28) -0.522133
(34,39) 0
(34,41) -0.606569
(34,46) -0.603715
(35,35) 3.46953
(35,26) -0.607279
(35,28) -0.606368
(35,37) -0.524077
(35,41) -0.51747
(35,45) -0.594554
(35,47) -0.61978
(36,36) 3.46495
(36,25) -0.554769
(36,30) 0
(36,33) -0.581405
(36,43) 0
(36,44) -0.598529
(36,50) -0.552791
(37,37) 3.50576
(37,26) -0.519364
(37,32) -0.771229
(37,35) -0.524077
(37,40) -0.440212
(37,45) -0.645348
(37,48) -0.60553
(38,38) 3.38887
(38,29) -0.437532
(38,31) -0.52279
(38,40) -0.484159
(38,42) -0.445065
(38,49) -0.539379
(38,51) -0.564471
(38,55) -0.395475
(39,39) 1.73366
(39,27) 0
(39,34) 0
(39,46) 0
(39,52) 0
(40,40) 3.51941
(40,29) -0.640902
(40,32) -0.669296
(40,37) -0.440212
(40,38) -0.484159
(40,48) -0.634048
(40,49) -0.650794
(41,41) 3.46864
(41,28) -0.60645
(41,34) -0.606569
(41,35) -0.51747
(41,46) -0.522841
(41,47) -0.605455
(41,54) -0.609859
(42,42) 3.51992
(42,31) -0.611557
(42,33) -0.612456
(42,38) -0.445065
(42,44) -0.58398
(42,51) -0.81592
(42,53) -0.450941
(43,43) 1.73238
(43,30) 0
(43,36) 0
(43,50) 0
(43,57) 0
(44,44) 3.46557
(44,33) -0.546423
(44,36) -0.598529
(44,42) -0.58398
(44,50) -0.585173
(44,53) -0.60325
(44,59) -0.548216
(45,45) 3.47338
(45,35) -0.594554
(45,37) -0.645348
(45,47) -0.506546
(45,48) -0.495218
(45,56) -0.625957
(45,58) -0.605756
(46,46) 3.46786
(46,34) -0.603715
(46,39) 0
(46,41) -0.522841
(46,52) 0
(46,54) -0.60333
(46,61) -0.606704
(47,47) 3.47022
(47,35) -0.61978
(47,41) -0.605455
(47,45) -0.506546
(47,54) -0.516431
(47,56) -0.608231
(47,62) -0.613778
(48,48) 3.47398
(48,37) -0.60553
(48,40) -0.634048
(48,45) -0.495218
(48,49) -0.507362
(48,58) -0.626593
(48,60) -0.605226
(49,49) 3.47634
(49,38) -0.539379
(49,40) -0.650794
(49,48) -0.507362
(49,55) -0.600241
(49,60) -0.607762
(49,63) -0.570805
(50,50) 3.46494
(50,36) -0.552791
(50,43) 0
(50,44) -0.585173
(50,57) 0
(50,59) -0.595542
(50,65) -0.553491
(51,51) 3.68979
(51,38) -0.564471
(51,42) -0.81592
(51,53) -0.78522
(51,55) -0.93947
(51,64) -0.584711
(52,52) 1.73382
(52,39) 0
(52,46) 0
(52,61) 0
(52,67) 0
(53,53) 3.50808
(53,42) -0.450941
(53,44) -0.60325
(53,51) -0.78522
(53,59) -0.586266
(53,64) -0.454676
(53,66) -0.627729
(54,54) 3.46841
(54,41) -0.609859
(54,46) -0.60333
(54,47) -0.516431
(54,61) -0.527318
(54,62) -0.604885
(54,69) -0.606583
(55,55) 3.56438
(55,38) -0.395475
(55,49) -0.600241
(55,51) -0.93947
(55,63) -0.627916
(55,64) -0.385226
(55,71) -0.616051
(56,56) 3.4712
(56,45) -0.625957
(56,47) -0.608231
(56,58) -0.503806
(56,62) -0.507747
(56,68) -0.607802
(56,72) -0.617659
(57,57) 1.73245
(57,43) 0
(57,50) 0
(57,65) 0
(57,73) 0
(58,58) 3.47081
(58,45) -0.605756
(58,48) -0.626593
(58,56) -0.503806
(58,60) -0.512674
(58,68) -0.620203
(58,70) -0.601783
(59,59) 3.46528
(59,44) -0.548216
(59,50) -0.595542
(59,53) -0.586266
(59,65) -0.585017
(59,66) -0.598332
(59,75) -0.551905
(60,60) 3.46833
(60,48) -0.605226
(60,49) -0.607762
(60,58) -0.512674
(60,63) -0.538399
(60,70) -0.613578
(60,74) -0.590692
(61,61) 3.46765
(61,46) -0.606704
(61,52) 0
(61,54) -0.527318
(61,67) 0
(61,69) -0.593693
(61,76) -0.612197
(62,62) 3.46935
(62,47) -0.613778
(62,54) -0.604885
(62,56) -0.507747
(62,69) -0.531076
(62,72) -0.617373
(62,78) -0.594488
(63,63) 3.46732
(63,49) -0.570805
(63,55) -0.627916
(63,60) -0.538399
(63,71) -0.537284
(63,74) -0.608871
(63,79) -0.584042
(64,64) 3.40312
(64,51) -0.584711
(64,53) -0.454676
(64,55) -0.385226
(64,66) -0.436611
(64,71) -0.55409
(64,77) -0.577522
(64,80) -0.410285
(65,65) 3.46483
(65,50) -0.553491
(65,57) 0
(65,59) -0.585017
(65,73) 0
(65,75) -0.593416
(65,81) -0.557167
(66,66) 3.51409
(66,53) -0.627729
(66,59) -0.598332
(66,64) -0.436611
(66,75) -0.58518
(66,77) -0.80515
(66,84) -0.461088
(67,67) 1.73406
(67,52) 0
(67,61) 0
(67,76) 0
(67,85) 0
(68,68) 3.46994
(68,56) -0.607802
(68,58) -0.620203
(68,70) -0.517812
(68,72) -0.508289
(68,82) -0.597436
(68,83) -0.618395
(69,69) 3.46699
(69,54) -0.606583
(69,61) -0.593693
(69,62) -0.531076
(69,76) -0.541481
(69,78) -0.592539
(69,87) -0.601617
(70,70) 3.46798
(70,58) -0.601783
(70,60) -0.613578
(70,68) -0.517812
(70,74) -0.532356
(70,82) -0.609638
(70,86) -0.592814
(71,71) 3.46953
(71,55) -0.616051
(71,63) -0.537284
(71,64) -0.55409
(71,79) -0.599131
(71,80) -0.598514
(71,88) -0.56446
(72,72) 3.47211
(72,56) -0.617659
(72,62) -0.617373
(72,68) -0.508289
(72,78) -0.502518
(72,83) -0.602232
(72,89) -0.624034
(73,73) 1.73235
(73,57) 0
(73,65) 0
(73,81) 0
(73,91) 0
(74,74) 3.46634
(74,60) -0.590692
(74,63) -0.608871
(74,70) -0.532356
(74,79) -0.545994
(74,86) -0.603005
(74,90) -0.585422
(75,75) 3.4651
(75,59) -0.551905
(75,65) -0.593416
(75,66) -0.58518
(75,81) -0.583744
(75,84) -0.595485
(75,92) -0.555366
(76,76) 3.46758
(76,61) -0.612197
(76,67) 0
(76,69) -0.541481
(76,85) 0
(76,87) -0.570438
(76,94) -0.625504
(77,77) 3.68042
(77,64) -0.577522
(77,66) -0.80515
(77,80) -0.922151
(77,84) -0.77968
(77,93) -0.595914
(78,78) 3.48053
(78,62) -0.594488
(78,69) -0.592539
(78,72) -0.502518
(78,87) -0.597589
(78,89) -0.680518
(78,95) -0.512874
(79,79) 3.46532
(79,63) -0.584042
(79,71) -0.599131
(79,74) -0.545994
(79,88) -0.561041
(79,90) -0.598582
(79,97) -0.57653
(80,80) 3.55805
(80,64) -0.410285
(80,71) -0.598514
(80,77) -0.922151
(80,88) -0.610886
(80,93) -0.376292
(80,99) -0.639923
(81,81) 3.46458
(81,65) -0.557167
(81,73) 0
(81,75) -0.583744
(81,91) 0
(81,92) -0.588975
(81,100) -0.563858
(82,82) 3.467
(82,68) -0.597436
(82,70) -0.609638
(82,83) -0.528617
(82,86) -0.53834
(82,96) -0.604602
(82,98) -0.588364
(83,83) 3.4706
(83,68) -0.618395
(83,72) -0.602232
(83,82) -0.528617
(83,89) -0.510304
(83,96) -0.580571
(83,101) -0.630484
(84,84) 3.50963
(84,66) -0.461088
(84,75) -0.595485
(84,77) -0.77968
(84,92) -0.591799
(84,93) -0.46168
(84,102) -0.6199
(85,85) 1.73425
(85,67) 0
(85,76) 0
(85,94) 0
(85,104) 0
(86,86) 3.46576
(86,70) -0.592814
(86,74) -0.603005
(86,82) -0.53834
(86,90) -0.549124
(86,98) -0.596785
(86,103) -0.585698
(87,87) 3.47647
(87,69) -0.601617
(87,76) -0.570438
(87,78) -0.597589
(87,94) -0.532171
(87,95) -0.506879
(87,105) -0.667778
(88,88) 3.46559
(88,71) -0.56446
(88,79) -0.561041
(88,80) -0.610886
(88,97) -0.599335
(88,99) -0.55988
(88,107) -0.569991
(89,89) 3.55152
(89,72) -0.624034
(89,78) -0.680518
(89,83) -0.510304
(89,95) -0.375737
(89,101) -0.507744
(89,106) -0.853187
(90,90) 3.46497
(90,74) -0.585422
(90,79) -0.598582
(90,86) -0.549124
(90,97) -0.55854
(90,103) -0.592692
(90,108) -0.580614
(91,91) 1.73219
(91,73) 0
(91,81) 0
(91,100) 0
(91,109) 0
(92,92) 3.46483
(92,75) -0.555366
(92,81) -0.588975
(92,84) -0.591799
(92,100) -0.580495
(92,102) -0.579392
(92,110) -0.568798
(93,93) 3.41202
(93,77) -0.595914
(93,80) -0.376292
(93,84) -0.46168
(93,99) -0.466602
(93,102) -0.503555
(93,111) -0.62833
(93,113) -0.379648
(94,94) 3.46784
(94,76) -0.625504
(94,85) 0
(94,87) -0.532171
(94,104) 0
(94,105) -0.577708
(94,115) -0.619163
(95,95) 3.40537
(95,78) -0.512874
(95,87) -0.506879
(95,89) -0.375737
(95,105) -0.464157
(95,106) -0.627094
(95,116) -0.501249
(95,118) -0.417384
(96,96) 3.46593
(96,82) -0.604602
(96,83) -0.580571
(96,98) -0.550919
(96,101) -0.557625
(96,112) -0.584973
(96,114) -0.587239
(97,97) 3.4647
(97,79) -0.57653
(97,88) -0.599335
(97,90) -0.55854
(97,107) -0.562382
(97,108) -0.591627
(97,119) -0.576281
(98,98) 3.46506
(98,82) -0.588364
(98,86) -0.596785
(98,96) -0.550919
(98,103) -0.555968
(98,112) -0.589581
(98,117) -0.583442
(99,99) 3.50183
(99,80) -0.639923
(99,88) -0.55988
(99,93) -0.466602
(99,107) -0.604247
(99,111) -0.74799
(99,120) -0.483188
(100,100) 3.46434
(100,81) -0.563858
(100,91) 0
(100,92) -0.580495
(100,109) 0
(100,110) -0.585624
(100,122) -0.568865
(101,101) 3.48501
(101,83) -0.630484
(101,89) -0.507744
(101,96) -0.557625
(101,106) -0.662674
(101,114) -0.590646
(101,121) -0.535839
(102,102) 3.47404
(102,84) -0.6199
(102,92) -0.579392
(102,93) -0.503555
(102,110) -0.57216
(102,113) -0.654497
(102,124) -0.544534
(103,103) 3.46461
(103,86) -0.585698
(103,90) -0.592692
(103,98) -0.555968
(103,108) -0.562187
(103,117) -0.587044
(103,123) -0.581024
(104,104) 1.73358
(104,85) 0
(104,94) 0
(104,115) 0
(104,125) 0
(105,105) 3.48405
(105,87) -0.667778
(105,94) -0.577708
(105,95) -0.464157
(105,115) -0.527224
(105,116) -0.655179
(105,126) -0.592007
(106,106) 3.66754
(106,89) -0.853187
(106,95) -0.627094
(106,101) -0.662674
(106,118) -0.822967
(106,121) -0.701621
(107,107) 3.46496
(107,88) -0.569991
(107,97) -0.562382
(107,99) -0.604247
(107,119) -0.593677
(107,120) -0.560336
(107,129) -0.574332
(108,108) 3.46439
(108,90) -0.580614
(108,97) -0.591627
(108,103) -0.562187
(108,119) -0.565727
(108,123) -0.585443
(108,130) -0.578792
(109,109) 1.73208
(109,91) 0
(109,100) 0
(109,122) 0
(109,132) 0
(110,110) 3.46456
(110,92) -0.568798
(110,100) -0.585624
(110,102) -0.57216
(110,122) -0.581406
(110,124) -0.594246
(110,133) -0.562328
(111,111) 3.66738
(111,93) -0.62833
(111,99) -0.74799
(111,113) -0.887164
(111,120) -0.806004
(111,127) -0.597894
(112,112) 3.46472
(112,96) -0.584973
(112,98) -0.589581
(112,114) -0.560613
(112,117) -0.563438
(112,128) -0.584752
(112,131) -0.581364
(113,113) 3.54661
(113,93) -0.379648
(113,102) -0.654497
(113,111) -0.887164
(113,124) -0.592381
(113,127) -0.430183
(113,136) -0.602738
(114,114) 3.46633
(114,96) -0.587239
(114,101) -0.590646
(114,112) -0.560613
(114,121) -0.559802
(114,128) -0.58743
(114,135) -0.580604
(115,115) 3.46716
(115,94) -0.619163
(115,104) 0
(115,105) -0.527224
(115,125) 0
(115,126) -0.599472
(115,138) -0.593638
(116,116) 3.48388
(116,95) -0.501249
(116,105) -0.655179
(116,118) -0.64835
(116,126) -0.535468
(116,134) -0.54542
(116,140) -0.598211
(117,117) 3.46436
(117,98) -0.583442
(117,103) -0.587044
(117,112) -0.563438
(117,123) -0.567308
(117,131) -0.583562
(117,139) -0.579569
(118,118) 3.53456
(118,95) -0.417384
(118,106) -0.822967
(118,116) -0.64835
(118,121) -0.491775
(118,134) -0.611867
(118,137) -0.542215
(119,119) 3.46438
(119,97) -0.576281
(119,107) -0.593677
(119,108) -0.565727
(119,129) -0.564788
(119,130) -0.585331
(119,142) -0.57858
(120,120) 3.51748
(120,99) -0.483188
(120,107) -0.560336
(120,111) -0.806004
(120,127) -0.422773
(120,129) -0.600318
(120,141) -0.644858
(121,121) 3.49139
(121,101) -0.535839
(121,106) -0.701621
(121,114) -0.559802
(121,118) -0.491775
(121,135) -0.60499
(121,137) -0.597367
(122,122) 3.4642
(122,100) -0.568865
(122,109) 0
(122,110) -0.581406
(122,132) 0
(122,133) -0.579633
(122,144) -0.572693
(123,123) 3.46422
(123,103) -0.581024
(123,108) -0.585443
(123,117) -0.567308
(123,130) -0.570003
(123,139) -0.581808
(123,143) -0.578638
(124,124) 3.46545
(124,102) -0.544534
(124,110) -0.594246
(124,113) -0.592381
(124,133) -0.59323
(124,136) -0.592326
(124,145) -0.548731
(125,125) 1.73258
(125,104) 0
(125,115) 0
(125,138) 0
(125,147) 0
(126,126) 3.46854
(126,105) -0.592007
(126,115) -0.599472
(126,116) -0.535468
(126,138) -0.54761
(126,140) -0.612325
(126,150) -0.581658
(127,127) 3.40514
(127,111) -0.597894
(127,113) -0.430183
(127,120) -0.422773
(127,136) -0.429211
(127,141) -0.499358
(127,148) -0.601346
(127,151) -0.42437
(128,128) 3.46483
(128,112) -0.584752
(128,114) -0.58743
(128,131) -0.566425
(128,135) -0.55763
(128,146) -0.580014
(128,149) -0.588582
(129,129) 3.46479
(129,107) -0.574332
(129,119) -0.564788
(129,120) -0.600318
(129,141) -0.555689
(129,142) -0.584539
(129,153) -0.58512
(130,130) 3.46418
(130,108) -0.578792
(130,119) -0.585331
(130,123) -0.570003
(130,142) -0.57074
(130,143) -0.581033
(130,156) -0.578283
(131,131) 3.46428
(131,112) -0.581364
(131,117) -0.583562
(131,128) -0.566425
(131,139) -0.571002
(131,146) -0.58426
(131,152) -0.57767
(132,132) 1.73207
(132,109) 0
(132,122) 0
(132,144) 0
(132,158) 0
(133,133) 3.46447
(133,110) -0.562328
(133,122) -0.579633
(133,124) -0.59323
(133,144) -0.585034
(133,145) -0.56923
(133,159) -0.575013
(134,134) 3.536
(134,116) -0.54542
(134,118) -0.611867
(134,137) -0.652171
(134,140) -0.489578
(134,154) -0.411357
(134,157) -0.825602
(135,135) 3.46762
(135,114) -0.580604
(135,121) -0.60499
(135,128) -0.55763
(135,137) -0.54465
(135,149) -0.591677
(135,155) -0.588069
(136,136) 3.54304
(136,113) -0.602738
(136,124) -0.592326
(136,127) -0.429211
(136,145) -0.647645
(136,148) -0.879724
(136,160) -0.391398
(137,137) 3.48301
(137,118) -0.542215
(137,121) -0.597367
(137,134) -0.652171
(137,135) -0.54465
(137,154) -0.500915
(137,155) -0.645696
(138,138) 3.46531
(138,115) -0.593638
(138,125) 0
(138,126) -0.54761
(138,147) 0
(138,150) -0.596665
(138,162) -0.582621
(139,139) 3.46416
(139,117) -0.579569
(139,123) -0.581808
(139,131) -0.571002
(139,143) -0.573322
(139,152) -0.580948
(139,161) -0.577508
(140,140) 3.49215
(140,116) -0.598211
(140,126) -0.612325
(140,134) -0.489578
(140,150) -0.553714
(140,157) -0.702933
(140,163) -0.535393
(141,141) 3.47492
(141,120) -0.644858
(141,127) -0.499358
(141,129) -0.555689
(141,151) -0.645325
(141,153) -0.571391
(141,164) -0.558301
(142,142) 3.46417
(142,119) -0.57858
(142,129) -0.584539
(142,130) -0.57074
(142,153) -0.571144
(142,156) -0.580656
(142,165) -0.578509
(143,143) 3.46412
(143,123) -0.578638
(143,130) -0.581033
(143,139) -0.573322
(143,156) -0.574174
(143,161) -0.579293
(143,168) -0.577664
(144,144) 3.46419
(144,122) -0.572693
(144,132) 0
(144,133) -0.585034
(144,158) 0
(144,159) -0.571817
(144,170) -0.576583
(145,145) 3.47314
(145,124) -0.548731
(145,133) -0.56923
(145,136) -0.647645
(145,159) -0.576533
(145,160) -0.50109
(145,172) -0.629907
(146,146) 3.46438
(146,128) -0.580014
(146,131) -0.58426
(146,149) -0.56318
(146,152) -0.571653
(146,166) -0.59011
(146,167) -0.575164
(147,147) 1.73243
(147,125) 0
(147,138) 0
(147,162) 0
(147,173) 0
(148,148) 3.66585
(148,127) -0.601346
(148,136) -0.879724
(148,151) -0.797918
(148,160) -0.631604
(148,169) -0.755256
(149,149) 3.46589
(149,128) -0.588582
(149,135) -0.591677
(149,146) -0.56318
(149,155) -0.541685
(149,166) -0.574638
(149,171) -0.606132
(150,150) 3.46683
(150,126) -0.581658
(150,138) -0.596665
(150,140) -0.553714
(150,162) -0.552751
(150,163) -0.596375
(150,176) -0.585666
(151,151) 3.51647
(151,127) -0.42437
(151,141) -0.645325
(151,148) -0.797918
(151,164) -0.595566
(151,169) -0.49041
(151,178) -0.562881
(152,152) 3.46415
(152,131) -0.57767
(152,139) -0.580948
(152,146) -0.571653
(152,161) -0.574945
(152,167) -0.582914
(152,177) -0.576021
(153,153) 3.46424
(153,129) -0.58512
(153,141) -0.571391
(153,142) -0.571144
(153,164) -0.583639
(153,165) -0.579127
(153,179) -0.573817
(154,154) 3.40402
(154,134) -0.411357
(154,137) -0.500915
(154,155) -0.475974
(154,157) -0.62684
(154,174) -0.496884
(154,175) -0.384441
(154,182) -0.507609
(155,155) 3.48144
(155,135) -0.588069
(155,137) -0.645696
(155,149) -0.541685
(155,154) -0.475974
(155,171) -0.568464
(155,174) -0.661551
(156,156) 3.46412
(156,130) -0.578283
(156,142) -0.580656
(156,143) -0.574174
(156,165) -0.574555
(156,168) -0.578777
(156,180) -0.577672
(157,157) 3.66617
(157,134) -0.825602
(157,140) -0.702933
(157,154) -0.62684
(157,163) -0.664367
(157,175) -0.846423
(158,158) 1.73216
(158,132) 0
(158,144) 0
(158,170) 0
(158,181) 0
(159,159) 3.46454
(159,133) -0.575013
(159,144) -0.571817
(159,145) -0.576533
(159,170) -0.591168
(159,172) -0.583995
(159,183) -0.566013
(160,160) 3.41651
(160,136) -0.391398
(160,145) -0.50109
(160,148) -0.631604
(160,169) -0.440213
(160,172) -0.43982
(160,184) -0.387039
(160,186) -0.625341
(161,161) 3.46411
(161,139) -0.577508
(161,143) -0.579293
(161,152) -0.574945
(161,168) -0.575978
(161,177) -0.579532
(161,185) -0.576855
(162,162) 3.46531
(162,138) -0.582621
(162,147) 0
(162,150) -0.552751
(162,173) 0
(162,176) -0.595511
(162,188) -0.585868
(163,163) 3.48551
(163,140) -0.535393
(163,150) -0.596375
(163,157) -0.664367
(163,175) -0.507492
(163,176) -0.555889
(163,190) -0.625991
(164,164) 3.4647
(164,141) -0.558301
(164,151) -0.595566
(164,153) -0.583639
(164,178) -0.576688
(164,179) -0.582143
(164,191) -0.568359
(165,165) 3.46411
(165,142) -0.578509
(165,153) -0.579127
(165,156) -0.574555
(165,179) -0.576679
(165,180) -0.5787
(165,193) -0.576539
(166,166) 3.46458
(166,146) -0.59011
(166,149) -0.574638
(166,167) -0.57029
(166,171) -0.561168
(166,187) -0.57202
(166,189) -0.596358
(167,167) 3.4642
(167,146) -0.575164
(167,152) -0.582914
(167,166) -0.57029
(167,177) -0.574908
(167,187) -0.586686
(167,192) -0.574239
(168,168) 3.4641
(168,143) -0.577664
(168,156) -0.578777
(168,161) -0.575978
(168,180) -0.57616
(168,185) -0.57823
(168,196) -0.577295
(169,169) 3.50502
(169,148) -0.755256
(169,151) -0.49041
(169,160) -0.440213
(169,178) -0.591755
(169,184) -0.669179
(169,195) -0.558203
(170,170) 3.46446
(170,144) -0.576583
(170,158) 0
(170,159) -0.591168
(170,181) 0
(170,183) -0.560948
(170,197) -0.582636
(171,171) 3.46595
(171,149) -0.606132
(171,155) -0.568464
(171,166) -0.561168
(171,174) -0.552293
(171,189) -0.567701
(171,194) -0.61019
(172,172) 3.51959
(172,145) -0.629907
(172,159) -0.583995
(172,160) -0.43982
(172,183) -0.598495
(172,186) -0.802444
(172,198) -0.464924
(173,173) 1.73273
(173,147) 0
(173,162) 0
(173,188) 0
(173,201) 0
(174,174) 3.4771
(174,154) -0.496884
(174,155) -0.661551
(174,171) -0.552293
(174,182) -0.614943
(174,194) -0.556193
(174,199) -0.595241
(175,175) 3.54679
(175,154) -0.384441
(175,157) -0.846423
(175,163) -0.507492
(175,182) -0.674234
(175,190) -0.516782
(175,200) -0.61742
(176,176) 3.46633
(176,150) -0.585666
(176,162) -0.595511
(176,163) -0.555889
(176,188) -0.545312
(176,190) -0.584088
(176,203) -0.599868
(177,177) 3.46412
(177,152) -0.576021
(177,161) -0.579532
(177,167) -0.574908
(177,185) -0.576568
(177,192) -0.581269
(177,202) -0.575819
(178,178) 3.46466
(178,151) -0.562881
(178,164) -0.576688
(178,169) -0.591755
(178,191) -0.586579
(178,195) -0.579755
(178,204) -0.567005
(179,179) 3.46413
(179,153) -0.573817
(179,164) -0.582143
(179,165) -0.576679
(179,191) -0.57778
(179,193) -0.579581
(179,205) -0.574134
(180,180) 3.4641
(180,156) -0.577672
(180,165) -0.5787
(180,168) -0.57616
(180,193) -0.576427
(180,196) -0.577963
(180,207) -0.577183
(181,181) 1.73255
(181,158) 0
(181,170) 0
(181,197) 0
(181,209) 0
(182,182) 3.48005
(182,154) -0.507609
(182,174) -0.614943
(182,175) -0.674234
(182,199) -0.577511
(182,200) -0.51422
(182,213) -0.59153
(183,183) 3.46577
(183,159) -0.566013
(183,170) -0.560948
(183,172) -0.598495
(183,197) -0.608052
(183,198) -0.570172
(183,212) -0.562086
(184,184) 3.53003
(184,160) -0.387039
(184,169) -0.669179
(184,186) -0.832009
(184,195) -0.592427
(184,206) -0.488563
(184,211) -0.56081
(185,185) 3.4641
(185,161) -0.576855
(185,168) -0.57823
(185,177) -0.576568
(185,196) -0.576907
(185,202) -0.578758
(185,214) -0.576785
(186,186) 3.65192
(186,160) -0.625341
(186,172) -0.802444
(186,184) -0.832009
(186,198) -0.717833
(186,206) -0.674295
(187,187) 3.4643
(187,166) -0.57202
(187,167) -0.586686
(187,189) -0.568825
(187,192) -0.573844
(187,208) -0.590681
(187,210) -0.572246
(188,188) 3.46606
(188,162) -0.585868
(188,173) 0
(188,176) -0.545312
(188,201) 0
(188,203) -0.595678
(188,216) -0.595954
(189,189) 3.46474
(189,166) -0.596358
(189,171) -0.567701
(189,187) -0.568825
(189,194) -0.563285
(189,208) -0.570172
(189,215) -0.598402
(190,190) 3.46972
(190,163) -0.625991
(190,175) -0.516782
(190,176) -0.584088
(190,200) -0.60084
(190,203) -0.534904
(190,217) -0.607118
(191,191) 3.46424
(191,164) -0.568359
(191,178) -0.586579
(191,179) -0.57778
(191,204) -0.577833
(191,205) -0.581464
(191,220) -0.572226
(192,192) 3.46415
(192,167) -0.574239
(192,177) -0.581269
(192,187) -0.573844
(192,202) -0.576304
(192,210) -0.584174
(192,219) -0.574317
(193,193) 3.46411
(193,165) -0.576539
(193,179) -0.579581
(193,180) -0.576427
(193,205) -0.576814
(193,207) -0.578302
(193,221) -0.576442
(194,194) 3.46574
(194,171) -0.61019
(194,174) -0.556193
(194,189) -0.563285
(194,199) -0.566155
(194,215) -0.568037
(194,218) -0.601879
(195,195) 3.46486
(195,169) -0.558203
(195,178) -0.579755
(195,184) -0.592427
(195,204) -0.585293
(195,211) -0.580788
(195,222) -0.568395
(196,196) 3.4641
(196,168) -0.577295
(196,180) -0.577963
(196,185) -0.576907
(196,207) -0.576878
(196,214) -0.57789
(196,223) -0.577169
(197,197) 3.46634
(197,170) -0.582636
(197,181) 0
(197,183) -0.608052
(197,209) 0
(197,212) -0.53133
(197,225) -0.606364
(198,198) 3.52157
(198,172) -0.464924
(198,183) -0.570172
(198,186) -0.717833
(198,206) -0.5865
(198,212) -0.691365
(198,224) -0.490774
(199,199) 3.46593
(199,174) -0.595241
(199,182) -0.577511
(199,194) -0.566155
(199,213) -0.550968
(199,218) -0.571612
(199,226) -0.604445
(200,200) 3.46972
(200,175) -0.61742
(200,182) -0.51422
(200,190) -0.60084
(200,213) -0.609387
(200,217) -0.519583
(200,227) -0.608271
(201,201) 1.73312
(201,173) 0
(201,188) 0
(201,216) 0
(201,229) 0
(202,202) 3.46411
(202,177) -0.575819
(202,185) -0.578758
(202,192) -0.576304
(202,214) -0.577003
(202,219) -0.580249
(202,228) -0.575976
(203,203) 3.46678
(203,176) -0.599868
(203,188) -0.595678
(203,190) -0.534904
(203,216) -0.540622
(203,217) -0.596621
(203,232) -0.599092
(204,204) 3.46429
(204,178) -0.567005
(204,191) -0.577833
(204,195) -0.585293
(204,220) -0.581935
(204,222) -0.580252
(204,234) -0.571972
(205,205) 3.46412
(205,179) -0.574134
(205,191) -0.581464
(205,193) -0.576814
(205,220) -0.577124
(205,221) -0.579135
(205,235) -0.575452
(206,206) 3.50991
(206,184) -0.488563
(206,186) -0.674295
(206,198) -0.5865
(206,211) -0.590573
(206,224) -0.522493
(206,230) -0.64749
(207,207) 3.4641
(207,180) -0.577183
(207,193) -0.578302
(207,196) -0.576878
(207,221) -0.576817
(207,223) -0.577799
(207,236) -0.577123
(208,208) 3.46446
(208,187) -0.590681
(208,189) -0.570172
(208,210) -0.571897
(208,215) -0.566417
(208,231) -0.570173
(208,233) -0.595117
(209,209) 1.733
(209,181) 0
(209,197) 0
(209,225) 0
(209,240) 0
(210,210) 3.46422
(210,187) -0.572246
(210,192) -0.584174
(210,208) -0.571897
(210,219) -0.57552
(210,231) -0.588635
(210,237) -0.571752
(211,211) 3.46556
(211,184) -0.56081
(211,195) -0.580788
(211,206) -0.590573
(211,222) -0.578514
(211,230) -0.574224
(211,239) -0.580652
(212,212) 3.48942
(212,183) -0.562086
(212,197) -0.53133
(212,198) -0.691365
(212,224) -0.447063
(212,225) -0.581295
(212,241) -0.67628
(213,213) 3.46906
(213,182) -0.59153
(213,199) -0.550968
(213,200) -0.609387
(213,226) -0.576937
(213,227) -0.51373
(213,243) -0.626513
(214,214) 3.4641
(214,185) -0.576785
(214,196) -0.57789
(214,202) -0.577003
(214,223) -0.577059
(214,228) -0.578524
(214,242) -0.576841
(215,215) 3.46478
(215,189) -0.598402
(215,194) -0.568037
(215,208) -0.566417
(215,218) -0.561976
(215,233) -0.570909
(215,238) -0.599035
(216,216) 3.4666
(216,188) -0.595954
(216,201) 0
(216,203) -0.540622
(216,229) 0
(216,232) -0.588788
(216,246) -0.606894
(217,217) 3.46809
(217,190) -0.607118
(217,200) -0.519583
(217,203) -0.596621
(217,227) -0.613672
(217,232) -0.543066
(217,245) -0.588034
(218,218) 3.46525
(218,194) -0.601879
(218,199) -0.571612
(218,215) -0.561976
(218,226) -0.554843
(218,238) -0.571846
(218,244) -0.603093
(219,219) 3.46413
(219,192) -0.574317
(219,202) -0.580249
(219,210) -0.57552
(219,228) -0.57663
(219,237) -0.582826
(219,247) -0.574587
(220,220) 3.46414
(220,191) -0.572226
(220,204) -0.581935
(220,205) -0.577124
(220,234) -0.578326
(220,235) -0.579712
(220,248) -0.574819
(221,221) 3.4641
(221,193) -0.576442
(221,205) -0.579135
(221,207) -0.576817
(221,235) -0.576788
(221,236) -0.578097
(221,250) -0.576826
(222,222) 3.46434
(222,195) -0.568395
(222,204) -0.580252
(222,211) -0.578514
(222,234) -0.578549
(222,239) -0.584704
(222,251) -0.573926
(223,223) 3.4641
(223,196) -0.577169
(223,207) -0.577799
(223,214) -0.577059
(223,236) -0.576981
(223,242) -0.577957
(223,252) -0.577136
(224,224) 3.39617
(224,198) -0.490774
(224,206) -0.522493
(224,212) -0.447063
(224,230) -0.477906
(224,241) -0.437199
(224,249) -0.386976
(224,255) -0.633761
(225,225) 3.46586
(225,197) -0.606364
(225,209) 0
(225,212) -0.581295
(225,240) 0
(225,241) -0.547075
(225,254) -0.604124
(226,226) 3.46657
(226,199) -0.604445
(226,213) -0.576937
(226,218) -0.554843
(226,243) -0.550128
(226,244) -0.576855
(226,258) -0.603361
(227,227) 3.47148
(227,200) -0.608271
(227,213) -0.51373
(227,217) -0.613672
(227,243) -0.607827
(227,245) -0.514737
(227,260) -0.61324
(228,228) 3.46411
(228,202) -0.575976
(228,214) -0.578524
(228,219) -0.57663
(228,242) -0.576714
(228,247) -0.579879
(228,259) -0.576385
(229,229) 1.73373
(229,201) 0
(229,216) 0
(229,246) 0
(229,262) 0
(230,230) 3.48154
(230,206) -0.64749
(230,211) -0.574224
(230,224) -0.477906
(230,239) -0.554589
(230,249) -0.6659
(230,257) -0.561432
(231,231) 3.46446
(231,208) -0.570173
(231,210) -0.588635
(231,233) -0.567874
(231,237) -0.57441
(231,253) -0.5966
(231,256) -0.566766
(232,232) 3.4664
(232,203) -0.599092
(232,216) -0.588788
(232,217) -0.543066
(232,245) -0.587417
(232,246) -0.551076
(232,263) -0.596957
(233,233) 3.46471
(233,208) -0.595117
(233,215) -0.570909
(233,231) -0.567874
(233,238) -0.561355
(233,253) -0.568738
(233,261) -0.600721
(234,234) 3.46415
(234,204) -0.571972
(234,220) -0.578326
(234,222) -0.578549
(234,248) -0.578734
(234,251) -0.581633
(234,265) -0.574939
(235,235) 3.46411
(235,205) -0.575452
(235,220) -0.579712
(235,221) -0.576788
(235,248) -0.577135
(235,250) -0.578502
(235,266) -0.57652
(236,236) 3.4641
(236,207) -0.577123
(236,221) -0.578097
(236,223) -0.576981
(236,250) -0.576847
(236,252) -0.577852
(236,268) -0.577202
(237,237) 3.46419
(237,210) -0.571752
(237,219) -0.582826
(237,231) -0.57441
(237,247) -0.576471
(237,256) -0.58721
(237,267) -0.571525
(238,238) 3.46476
(238,215) -0.599035
(238,218) -0.571846
(238,233) -0.561355
(238,244) -0.561238
(238,261) -0.576311
(238,264) -0.594971
(239,239) 3.46513
(239,211) -0.580652
(239,222) -0.584704
(239,230) -0.554589
(239,251) -0.569983
(239,257) -0.601679
(239,269) -0.573523
(240,240) 1.73319
(240,209) 0
(240,225) 0
(240,254) 0
(240,270) 0
(241,241) 3.50918
(241,212) -0.67628
(241,224) -0.437199
(241,225) -0.547075
(241,254) -0.588007
(241,255) -0.752635
(241,272) -0.50798
(242,242) 3.4641
(242,214) -0.576841
(242,223) -0.577957
(242,228) -0.576714
(242,252) -0.576807
(242,259) -0.57886
(242,271) -0.576925
(243,243) 3.50287
(243,213) -0.626513
(243,226) -0.550128
(243,227) -0.607827
(243,258) -0.50532
(243,260) -0.452072
(243,273) -0.761012
(244,244) 3.466
(244,218) -0.603093
(244,226) -0.576855
(244,238) -0.561238
(244,258) -0.547845
(244,264) -0.566727
(244,274) -0.610238
(245,245) 3.48027
(245,217) -0.588034
(245,227) -0.514737
(245,232) -0.587417
(245,260) -0.668345
(245,263) -0.605576
(245,276) -0.51616
(246,246) 3.46698
(246,216) -0.606894
(246,229) 0
(246,232) -0.551076
(246,262) 0
(246,263) -0.565078
(246,279) -0.6221
(247,247) 3.46412
(247,219) -0.574587
(247,228) -0.579879
(247,237) -0.576471
(247,259) -0.575442
(247,267) -0.58104
(247,277) -0.576699
(248,248) 3.46411
(248,220) -0.574819
(248,234) -0.578734
(248,235) -0.577135
(248,265) -0.578539
(248,266) -0.578475
(248,281) -0.576408
(249,249) 3.54403
(249,224) -0.386976
(249,230) -0.6659
(249,255) -0.868857
(249,257) -0.567726
(249,275) -0.432084
(249,278) -0.622484
(250,250) 3.4641
(250,221) -0.576826
(250,235) -0.578502
(250,236) -0.576847
(250,266) -0.576758
(250,268) -0.577979
(250,283) -0.577192
(251,251) 3.46426
(251,222) -0.573926
(251,234) -0.581633
(251,239) -0.569983
(251,265) -0.575306
(251,269) -0.588272
(251,284) -0.575141
(252,252) 3.4641
(252,223) -0.577136
(252,236) -0.577852
(252,242) -0.576807
(252,268) -0.576843
(252,271) -0.5783
(252,285) -0.577164
(253,253) 3.46511
(253,231) -0.5966
(253,233) -0.568738
(253,256) -0.569096
(253,261) -0.560877
(253,280) -0.562916
(253,282) -0.606883
(254,254) 3.466
(254,225) -0.604124
(254,240) 0
(254,241) -0.588007
(254,270) 0
(254,272) -0.54341
(254,287) -0.601256
(255,255) 3.66292
(255,224) -0.633761
(255,241) -0.752635
(255,249) -0.868857
(255,272) -0.789582
(255,275) -0.618089
(256,256) 3.46486
(256,231) -0.566766
(256,237) -0.58721
(256,253) -0.569096
(256,267) -0.58198
(256,280) -0.603366
(256,286) -0.55644
(257,257) 3.46506
(257,230) -0.561432
(257,239) -0.601679
(257,249) -0.567726
(257,269) -0.562929
(257,278) -0.594551
(257,289) -0.576738
(258,258) 3.50563
(258,226) -0.603361
(258,243) -0.50532
(258,244) -0.547845
(258,273) -0.735088
(258,274) -0.657503
(258,291) -0.456516
(259,259) 3.46411
(259,228) -0.576385
(259,242) -0.57886
(259,247) -0.575442
(259,271) -0.575761
(259,277) -0.580748
(259,290) -0.576917
(260,260) 3.52177
(260,227) -0.61324
(260,243) -0.452072
(260,245) -0.668345
(260,273) -0.67745
(260,276) -0.482815
(260,292) -0.627845
(261,261) 3.46561
(261,233) -0.600721
(261,238) -0.576311
(261,253) -0.560877
(261,264) -0.549562
(261,282) -0.566829
(261,288) -0.611307
(262,262) 1.73449
(262,229) 0
(262,246) 0
(262,279) 0
(262,295) 0
(263,263) 3.47704
(263,232) -0.596957
(263,245) -0.605576
(263,246) -0.565078
(263,276) -0.502465
(263,279) -0.541568
(263,294) -0.665401
(264,264) 3.46902
(264,238) -0.594971
(264,244) -0.566727
(264,261) -0.549562
(264,274) -0.59604
(264,288) -0.613924
(264,293) -0.547794
(265,265) 3.46412
(265,234) -0.574939
(265,248) -0.578539
(265,251) -0.575306
(265,281) -0.577366
(265,284) -0.581549
(265,297) -0.576426
(266,266) 3.4641
(266,235) -0.57652
(266,248) -0.578475
(266,250) -0.576758
(266,281) -0.577032
(266,283) -0.578126
(266,299) -0.577193
(267,267) 3.46422
(267,237) -0.571525
(267,247) -0.58104
(267,256) -0.58198
(267,277) -0.571852
(267,286) -0.574122
(267,296) -0.583697
(268,268) 3.4641
(268,236) -0.577202
(268,250) -0.577979
(268,252) -0.576843
(268,283) -0.576744
(268,285) -0.578006
(268,300) -0.577329
(269,269) 3.46453
(269,239) -0.573523
(269,251) -0.588272
(269,257) -0.562929
(269,284) -0.570385
(269,289) -0.594505
(269,302) -0.574916
(270,270) 1.73357
(270,240) 0
(270,254) 0
(270,287) 0
(270,304) 0
(271,271) 3.46411
(271,242) -0.576925
(271,252) -0.5783
(271,259) -0.575761
(271,285) -0.576292
(271,290) -0.579712
(271,303) -0.577117
(272,272) 3.51467
(272,241) -0.50798
(272,254) -0.54341
(272,255) -0.789582
(272,275) -0.412693
(272,287) -0.597048
(272,298) -0.663956
(273,273) 3.64693
(273,243) -0.761012
(273,258) -0.735088
(273,260) -0.67745
(273,291) -0.686859
(273,292) -0.786522
(274,274) 3.56214
(274,244) -0.610238
(274,258) -0.657503
(274,264) -0.59604
(274,291) -0.358429
(274,293) -0.413645
(274,306) -0.926286
(275,275) 3.41136
(275,249) -0.432084
(275,255) -0.618089
(275,272) -0.412693
(275,278) -0.484411
(275,298) -0.407365
(275,301) -0.42381
(275,314) -0.632908
(276,276) 3.3949
(276,245) -0.51616
(276,260) -0.482815
(276,263) -0.502465
(276,292) -0.443988
(276,294) -0.374453
(276,310) -0.453527
(276,312) -0.621494
(277,277) 3.46416
(277,247) -0.576699
(277,259) -0.580748
(277,267) -0.571852
(277,290) -0.572825
(277,296) -0.584156
(277,308) -0.577881
(278,278) 3.47741
(278,249) -0.622484
(278,257) -0.594551
(278,275) -0.484411
(278,289) -0.550951
(278,301) -0.670374
(278,309) -0.554642
(279,279) 3.46659
(279,246) -0.6221
(279,262) 0
(279,263) -0.541568
(279,294) -0.576424
(279,295) 0
(279,313) -0.602913
(280,280) 3.51815
(280,253) -0.562916
(280,256) -0.603366
(280,282) -0.477508
(280,286) -0.640634
(280,305) -0.809365
(280,307) -0.424362
(281,281) 3.4641
(281,248) -0.576408
(281,265) -0.577366
(281,266) -0.577032
(281,297) -0.578073
(281,299) -0.577975
(281,315) -0.57725
(282,282) 3.50149
(282,253) -0.606883
(282,261) -0.566829
(282,280) -0.477508
(282,288) -0.631032
(282,305) -0.749953
(282,311) -0.469286
(283,283) 3.4641
(283,250) -0.577192
(283,266) -0.578126
(283,268) -0.576744
(283,299) -0.576625
(283,300) -0.577955
(283,319) -0.577462
(284,284) 3.46419
(284,251) -0.575141
(284,265) -0.581549
(284,269) -0.570385
(284,297) -0.575131
(284,302) -0.585668
(284,317) -0.576319
(285,285) 3.4641
(285,252) -0.577164
(285,268) -0.578006
(285,271) -0.576292
(285,300) -0.576579
(285,303) -0.578666
(285,322) -0.577397
(286,286) 3.47443
(286,256) -0.55644
(286,267) -0.574122
(286,280) -0.640634
(286,296) -0.55544
(286,307) -0.502638
(286,318) -0.645155
(287,287) 3.46664
(287,254) -0.601256
(287,270) 0
(287,272) -0.597048
(287,298) -0.54052
(287,304) 0
(287,321) -0.594082
(288,288) 3.55922
(288,261) -0.611307
(288,264) -0.613924
(288,282) -0.631032
(288,293) -0.395923
(288,311) -0.38221
(288,316) -0.92482
(289,289) 3.46527
(289,257) -0.576738
(289,269) -0.594505
(289,278) -0.550951
(289,302) -0.565642
(289,309) -0.606127
(289,323) -0.571307
(290,290) 3.46414
(290,259) -0.576917
(290,271) -0.579712
(290,277) -0.572825
(290,303) -0.574522
(290,308) -0.58268
(290,324) -0.577479
(291,291) 3.42859
(291,258) -0.456516
(291,273) -0.686859
(291,274) -0.358429
(291,292) -0.353282
(291,306) -0.601068
(291,320) -0.493332
(291,325) -0.479105
(292,292) 3.56228
(292,260) -0.627845
(292,273) -0.786522
(292,276) -0.443988
(292,291) -0.353282
(292,310) -0.670716
(292,320) -0.679928
(293,293) 3.40207
(293,264) -0.547794
(293,274) -0.413645
(293,288) -0.395923
(293,306) -0.574287
(293,316) -0.585033
(293,326) -0.437322
(293,330) -0.44807
(294,294) 3.55421
(294,263) -0.665401
(294,276) -0.374453
(294,279) -0.576424
(294,312) -0.895283
(294,313) -0.621046
(294,328) -0.421603
(295,295) 1.73484
(295,262) 0
(295,279) 0
(295,313) 0
(295,329) 0
(296,296) 3.46483
(296,267) -0.583697
(296,277) -0.584156
(296,286) -0.55544
(296,308) -0.566219
(296,318) -0.598552
(296,327) -0.576764
(297,297) 3.46411
(297,265) -0.576426
(297,281) -0.578073
(297,284) -0.575131
(297,315) -0.577265
(297,317) -0.579932
(297,333) -0.577285
(298,298) 3.54069
(298,272) -0.663956
(298,275) -0.407365
(298,287) -0.54052
(298,314) -0.85921
(298,321) -0.65313
(298,332) -0.41651
(299,299) 3.4641
(299,266) -0.577193
(299,281) -0.577975
(299,283) -0.576625
(299,315) -0.57673
(299,319) -0.578002
(299,335) -0.577578
(300,300) 3.4641
(300,268) -0.577329
(300,283) -0.577955
(300,285) -0.576579
(300,319) -0.576569
(300,322) -0.578058
(300,338) -0.577612
(301,301) 3.51137
(301,275) -0.42381
(301,278) -0.670374
(301,309) -0.573145
(301,314) -0.764427
(301,331) -0.570592
(301,336) -0.509021
(302,302) 3.46433
(302,269) -0.574916
(302,284) -0.585668
(302,289) -0.565642
(302,317) -0.572541
(302,323) -0.590089
(302,337) -0.575474
(303,303) 3.46411
(303,271) -0.577117
(303,285) -0.578666
(303,290) -0.574522
(303,322) -0.575724
(303,324) -0.580228
(303,341) -0.577855
(304,304) 1.73464
(304,270) 0
(304,287) 0
(304,321) 0
(304,340) 0
(305,305) 3.66927
(305,280) -0.809365
(305,282) -0.749953
(305,307) -0.593584
(305,311) -0.624273
(305,334) -0.892091
(306,306) 3.67981
(306,274) -0.926286
(306,291) -0.601068
(306,293) -0.574287
(306,325) -0.76791
(306,326) -0.810261
(307,307) 3.4044
(307,280) -0.424362
(307,286) -0.502638
(307,305) -0.593584
(307,318) -0.421415
(307,334) -0.430166
(307,342) -0.59907
(307,348) -0.433166
(308,308) 3.46429
(308,277) -0.577881
(308,290) -0.58268
(308,296) -0.566219
(308,324) -0.570656
(308,327) -0.588639
(308,345) -0.57822
(309,309) 3.46523
(309,278) -0.554642
(309,289) -0.606127
(309,301) -0.573145
(309,323) -0.566679
(309,331) -0.59487
(309,346) -0.569767
(310,310) 3.50691
(310,276) -0.453527
(310,292) -0.670716
(310,312) -0.750006
(310,320) -0.532282
(310,339) -0.490077
(310,344) -0.610301
(311,311) 3.41072
(311,282) -0.469286
(311,288) -0.38221
(311,305) -0.624273
(311,316) -0.589428
(311,334) -0.377138
(311,343) -0.459832
(311,351) -0.508558
(312,312) 3.67234
(312,276) -0.621494
(312,294) -0.895283
(312,310) -0.750006
(312,328) -0.597819
(312,339) -0.807741
(313,313) 3.47997
(313,279) -0.602913
(313,294) -0.621046
(313,295) 0
(313,328) -0.488782
(313,329) 0
(313,347) -0.664074
(314,314) 3.66136
(314,275) -0.632908
(314,298) -0.85921
(314,301) -0.764427
(314,332) -0.62303
(314,336) -0.781786
(315,315) 3.4641
(315,281) -0.57725
(315,297) -0.577265
(315,299) -0.57673
(315,333) -0.577269
(315,335) -0.577911
(315,352) -0.577678
(316,316) 3.67985
(316,288) -0.92482
(316,293) -0.585033
(316,311) -0.589428
(316,330) -0.792894
(316,343) -0.787675
(317,317) 3.46414
(317,284) -0.576319
(317,297) -0.579932
(317,302) -0.572541
(317,333) -0.576074
(317,337) -0.582162
(317,353) -0.577109
(318,318) 3.51766
(318,286) -0.645155
(318,296) -0.598552
(318,307) -0.421415
(318,327) -0.559913
(318,342) -0.802084
(318,350) -0.490543
(319,319) 3.4641
(319,283) -0.577462
(319,299) -0.578002
(319,300) -0.576569
(319,335) -0.576441
(319,338) -0.577892
(319,356) -0.577737
(320,320) 3.4765
(320,291) -0.493332
(320,292) -0.679928
(320,310) -0.532282
(320,325) -0.610528
(320,344) -0.568153
(320,349) -0.592278
(321,321) 3.4837
(321,287) -0.594082
(321,298) -0.65313
(321,304) 0
(321,332) -0.469416
(321,340) 0
(321,355) -0.662542
(322,322) 3.4641
(322,285) -0.577397
(322,300) -0.578058
(322,303) -0.575724
(322,338) -0.57629
(322,341) -0.578479
(322,358) -0.578157
(323,323) 3.46439
(323,289) -0.571307
(323,302) -0.590089
(323,309) -0.566679
(323,337) -0.57121
(323,346) -0.590836
(323,359) -0.574271
(324,324) 3.46416
(324,290) -0.577479
(324,303) -0.580228
(324,308) -0.570656
(324,341) -0.573616
